x <- list(a = list(10, 12, 14), b = c(3.14, 2.81))

x[[c(1, 3)]]

x[[1]][[3]]

x[[c(2, 1)]]

